0 1 30 22 38 7 20 32 27 17 21 33 32 38 23 28 1 25 20 39 7 45 28 1 46 49 46 37 17 35 49 18 6 26 49 47 5 43 18 42 1 8 24 25 8 38 19 29 33 30 50 11 39 1 8 37 21 44 22 28 16 21 12 27 16 43 28 38 31 28 1 47 50 20 30 4 46 4 12 15 26 49 7 16 36 9 15 30 9 20 26 17 0 29 30 25 0 26 21 19
31 0 12 42 27 46 33 40 14 24 40 17 36 18 11 47 35 19 44 29 18 3 2 23 8 17 24 18 40 13 42 29 38 23 33 43 46 24 17 33 9 10 3 0 24 35 42 12 1 25 30 47 16 26 3 10 11 41 34 34 1 38 35 47 2 7 19 15 15 15 7 25 24 47 1 3 6 26 3 2 4 42 3 14 49 15 45 23 16 16 36 5 49 27 24 23 42 13 5 16
47 40 0 25 29 0 46 18 42 19 14 2 27 38 12 32 27 50 27 48 9 28 13 2 35 10 14 24 42 11 0 12 2 50 19 25 35 31 2 31 4 41 8 14 48 26 46 47 29 19 2 25 11 16 44 18 3 39 25 13 1 24 33 31 39 47 44 46 1 15 12 25 22 36 23 7 16 3 44 40 40 49 41 47 16 26 37 0 49 11 12 28 21 36 9 33 31 2 8 27
4 23 11 0 20 47 9 20 48 33 14 36 24 34 1 41 5 7 50 31 37 47 45 45 9 50 3 4 27 8 18 4 40 6 29 19 22 43 31 3 45 12 16 35 2 35 11 3 9 45 14 30 34 13 14 14 19 39 42 32 42 29 28 33 29 34 0 0 18 42 9 32 29 18 1 45 0 26 46 48 27 42 31 18 32 14 49 5 16 35 4 7 14 43 20 23 11 13 7 40
5 12 41 46 0 34 1 32 40 18 16 19 33 43 17 3 36 25 37 27 20 40 23 21 33 44 15 11 13 49 31 32 22 11 31 12 48 34 13 32 49 30 26 37 0 40 0 3 23 1 25 38 25 18 46 2 43 1 19 41 0 23 41 5 30 45 35 25 6 9 14 48 9 13 32 35 31 23 4 7 25 41 31 11 5 24 20 48 5 15 35 21 48 31 49 48 9 46 17 18
14 10 14 17 30 0 30 20 44 48 28 12 43 3 25 22 0 32 6 31 28 47 4 14 4 1 34 48 22 36 9 50 22 15 43 11 3 11 20 14 7 5 23 16 48 18 16 3 34 41 25 28 21 31 32 5 12 30 26 25 0 1 10 8 7 37 9 47 39 41 13 48 20 23 38 37 0 18 39 9 28 28 3 38 17 5 24 42 22 15 16 23 49 12 49 19 3 45 19 27
33 39 48 17 21 34 0 43 36 0 46 32 45 14 3 43 41 28 3 43 47 25 12 15 21 11 49 6 7 38 47 8 0 47 21 7 37 6 8 2 6 16 48 12 49 21 6 45 3 17 17 27 43 39 22 40 24 23 35 12 20 19 23 17 5 17 27 15 7 50 23 31 14 0 12 45 17 30 41 1 35 36 31 48 30 39 21 35 12 22 29 28 49 2 8 42 21 12 6 41
50 34 3 19 11 9 1 0 30 39 35 11 48 42 29 9 17 23 44 9 45 13 30 15 33 28 1 46 33 40 32 19 24 0 3 26 14 5 43 12 7 45 18 36 23 9 47 10 25 6 24 19 8 24 48 16 39 36 27 42 23 47 31 48 8 18 21 33 25 43 37 37 12 15 37 5 47 33 20 50 17 44 13 32 15 2 3 14 49 12 21 44 4 13 2 25 36 3 39 7
25 7 33 44 1 4 24 21 0 7 22 0 36 7 6 40 18 19 22 27 38 46 37 23 27 25 1 22 21 6 33 31 14 27 29 44 20 42 29 2 32 13 11 16 11 38 10 16 28 15 37 25 6 31 22 32 44 44 36 6 43 49 0 49 2 22 3 43 21 8 11 5 44 5 34 26 13 8 20 42 49 36 5 25 43 30 17 40 29 3 31 31 47 5 31 19 20 24 26 12
41 45 43 21 31 35 8 8 38 0 14 10 18 31 3 37 31 44 12 24 26 33 9 36 20 15 26 44 25 39 27 44 5 39 41 8 35 25 49 42 41 27 50 43 28 17 45 39 36 15 19 30 13 1 27 41 32 46 28 40 36 46 35 6 16 30 14 18 47 50 43 38 5 6 23 4 26 39 20 36 9 20 10 45 36 27 34 45 26 49 18 43 4 43 41 43 20 39 15 8
46 30 23 23 3 50 35 10 42 24 0 18 46 31 38 15 8 21 8 49 38 26 12 24 10 28 17 27 46 20 17 36 1 47 9 35 36 31 41 16 14 46 21 6 20 3 35 6 6 33 28 1 42 10 26 44 1 20 9 26 15 7 21 34 30 41 30 48 22 17 10 31 38 27 28 49 48 12 4 24 0 31 34 38 18 49 21 50 11 42 11 41 17 34 1 18 19 8 21 7
1 28 28 43 9 33 40 34 18 12 7 0 22 18 34 43 21 38 16 19 14 12 2 12 33 11 2 8 3 39 41 12 0 39 27 8 40 13 25 8 20 1 15 38 26 10 6 48 3 8 13 47 40 14 20 17 17 26 10 9 14 10 34 44 28 34 8 30 27 2 41 8 33 38 46 42 46 15 48 46 8 20 46 7 9 37 37 20 24 12 15 12 18 34 34 1 45 18 27 22
28 29 27 29 38 41 8 1 9 39 3 20 0 23 0 21 23 41 36 10 48 22 50 1 13 3 21 50 5 12 21 8 50 47 31 26 9 15 9 18 38 6 47 29 43 8 35 9 34 7 2 6 9 1 15 25 45 35 41 30 18 6 41 7 30 1 30 30 4 2 11 45 13 42 18 25 34 16 44 7 10 29 22 11 10 26 26 5 45 12 38 1 11 0 33 37 44 7 0 48
3 2 18 10 10 3 14 29 36 22 30 29 29 0 8 40 0 30 37 25 39 33 48 47 13 45 50 9 7 20 34 44 32 12 41 13 15 10 48 4 22 0 22 32 45 8 46 45 26 13 30 47 21 6 47 34 7 10 38 3 27 35 19 25 20 50 3 0 12 47 34 13 49 37 36 45 42 16 9 17 12 18 40 39 35 36 15 42 40 39 1 41 17 7 43 27 37 7 25 39
50 12 37 17 47 22 29 48 44 22 17 33 14 35 0 40 41 48 38 15 1 14 12 46 28 39 31 24 12 12 16 41 29 29 29 13 20 40 30 45 49 46 31 35 36 42 9 45 39 21 2 40 5 41 50 36 2 30 44 15 50 7 36 5 14 17 36 31 26 49 8 47 43 5 20 35 17 43 36 45 17 39 32 5 45 42 46 50 45 9 34 23 3 4 45 24 0 31 38 11
33 4 39 30 27 6 35 14 15 49 5 30 33 35 44 0 42 1 28 28 40 2 42 36 33 36 12 1 38 31 28 11 37 39 33 38 37 34 23 6 31 18 36 24 45 1 1 42 11 17 39 25 8 28 8 6 0 16 33 14 32 29 8 28 19 7 49 38 39 24 8 25 0 35 50 36 46 39 42 39 33 10 39 45 48 28 3 5 3 3 34 25 3 47 36 41 26 46 8 22
35 42 34 30 3 30 32 17 24 26 50 2 12 13 33 17 0 39 27 33 37 4 29 46 5 35 32 17 32 31 50 34 20 4 31 2 5 7 18 25 24 43 27 40 4 50 21 42 1 16 38 27 9 33 2 13 13 42 11 41 19 11 4 39 22 31 24 18 49 48 19 28 9 31 22 3 41 46 2 36 1 42 3 16 0 19 22 6 15 21 21 36 31 22 4 27 4 30 24 13
43 27 29 19 49 48 6 11 7 26 22 39 48 47 45 27 46 0 2 3 5 19 23 17 36 42 22 29 46 11 46 21 3 45 24 4 38 32 1 1 44 42 34 24 39 36 30 23 24 26 43 16 39 20 26 38 13 16 20 41 5 8 8 4 36 37 12 3 37 10 40 19 22 27 20 36 13 40 19 12 33 26 49 38 33 9 30 31 15 23 30 31 9 39 3 44 16 39 45 50
38 19 40 2 11 9 12 23 17 20 2 40 8 6 16 14 34 42 0 8 47 24 3 37 46 2 4 4 36 39 34 50 45 3 46 26 21 26 22 39 13 34 10 11 36 33 32 34 37 31 24 27 37 21 8 28 7 21 44 14 7 32 4 42 6 23 24 39 28 8 34 9 37 36 9 25 42 9 17 46 34 0 7 23 23 16 47 40 10 16 38 27 36 16 36 39 8 9 37 21
31 13 44 20 19 8 32 31 40 30 35 30 18 5 46 44 23 45 40 0 7 28 33 18 45 27 26 28 50 45 6 28 14 30 3 4 13 42 42 31 3 35 4 30 35 3 15 18 2 41 16 1 35 22 4 42 9 14 41 21 17 43 15 32 20 11 15 48 3 20 29 26 39 10 43 6 39 30 31 9 47 21 34 18 29 28 10 26 49 5 29 30 28 0 21 11 23 4 29 25
9 35 26 46 9 34 13 21 5 50 27 10 31 13 26 44 37 47 43 49 0 32 10 11 2 36 28 0 7 27 9 4 11 10 29 30 33 25 38 3 36 21 34 3 20 18 48 37 17 5 46 37 10 43 17 24 23 42 9 22 8 49 25 32 23 0 25 16 12 10 0 48 43 28 32 3 22 22 29 31 26 50 28 19 5 3 36 8 47 41 16 21 27 32 50 44 45 20 39 37
22 41 3 15 41 26 50 42 14 34 39 9 50 28 10 9 11 31 4 0 29 0 32 47 36 32 20 37 33 21 35 24 35 3 45 35 12 33 45 37 40 4 43 47 44 49 42 16 42 37 33 9 43 33 41 17 2 12 38 20 44 8 44 13 17 9 18 21 49 33 12 41 38 22 36 44 14 30 37 31 45 32 35 11 4 40 50 19 15 30 42 44 18 45 33 34 46 17 48 11
8 31 1 15 2 37 44 29 15 19 22 15 36 12 8 47 10 23 44 42 48 3 0 32 11 9 23 4 28 33 16 0 26 46 31 27 3 10 39 12 12 22 40 3 38 29 48 17 26 42 37 25 1 38 50 21 45 49 40 12 37 9 43 26 20 32 40 17 21 37 41 31 32 25 17 20 16 49 6 24 4 40 19 27 39 37 26 21 4 42 39 11 4 44 40 19 9 22 28 35
9 7 30 23 31 15 37 6 20 19 22 9 16 29 0 1 24 12 6 42 26 6 36 0 19 33 33 23 42 5 29 44 19 50 16 45 50 48 44 13 6 40 49 14 5 12 48 33 15 32 28 50 0 14 43 43 39 6 3 11 17 14 16 0 40 39 2 2 27 18 38 27 5 14 46 23 38 22 45 26 6 16 23 45 45 2 50 9 48 30 21 20 28 3 46 17 10 28 43 49
3 41 28 24 24 24 28 15 37 16 37 48 7 13 10 7 37 25 15 28 49 22 18 15 0 29 20 45 27 16 25 1 14 4 6 45 22 21 45 13 36 1 43 31 37 29 42 36 1 0 0 12 49 24 32 29 31 25 34 29 44 2 5 0 35 35 37 21 35 13 14 5 40 37 17 1 30 4 29 3 8 37 29 12 8 20 7 43 50 6 32 48 49 32 41 43 39 42 38 9
7 6 11 4 24 47 28 44 50 49 40 1 23 39 0 5 19 27 32 13 47 2 37 29 29 0 41 39 6 37 0 13 11 10 38 50 25 29 38 7 25 50 32 21 10 0 32 18 42 27 28 23 36 42 44 22 48 37 27 39 47 34 50 47 20 2 31 30 26 48 45 12 8 37 10 12 3 25 21 28 22 24 16 44 34 20 37 11 1 10 30 33 12 49 49 37 26 4 14 6
9 2 8 15 34 38 23 13 21 35 0 20 16 27 13 24 9 10 4 17 47 3 40 38 21 48 0 43 4 34 30 0 19 17 27 20 10 16 44 1 16 8 11 24 37 33 20 11 49 4 29 36 9 5 29 9 33 5 42 45 5 40 33 33 32 11 19 32 36 50 4 40 2 9 32 45 41 5 9 17 0 29 34 49 37 27 17 33 15 9 41 21 6 26 23 37 42 46 2 24
1 30 48 28 48 25 34 8 4 44 34 16 28 45 42 18 17 12 35 34 8 10 29 50 32 18 31 0 41 39 16 46 35 30 38 0 50 46 38 43 18 1 39 1 49 12 19 9 11 34 7 17 20 45 43 44 37 9 46 48 4 43 12 3 11 19 33 28 40 36 47 9 1 18 44 23 45 7 33 27 41 0 50 9 47 47 42 27 44 39 28 20 14 41 41 14 9 4 12 34
6 2 9 14 1 26 3 21 21 34 11 21 25 34 39 27 43 34 44 27 30 21 13 9 36 40 2 11 0 20 43 32 25 11 30 8 31 20 13 7 42 50 44 6 24 19 42 6 23 6 37 3 23 6 45 33 19 35 41 38 45 45 6 37 32 22 22 16 4 31 34 50 36 22 40 50 1 49 22 10 19 48 18 24 8 0 43 22 21 7 9 35 20 45 35 8 5 13 37 37
37 50 14 49 1 47 12 13 50 11 27 34 2 15 15 45 36 39 3 47 12 21 25 46 49 48 9 22 7 0 46 30 46 44 20 26 39 33 40 42 37 47 44 36 0 29 11 42 43 24 34 2 45 16 21 29 18 5 14 29 19 29 43 12 4 17 16 21 16 42 44 0 14 19 42 40 49 45 44 50 3 32 44 43 34 12 49 46 40 4 25 5 36 18 42 21 28 2 44 26
49 30 45 34 41 28 2 49 25 17 18 4 48 38 32 1 29 13 22 12 47 36 19 21 0 10 48 50 24 36 0 19 2 2 38 16 41 32 5 24 45 32 29 9 29 18 39 1 3 15 21 29 16 37 12 7 43 44 37 11 47 38 1 6 18 24 40 11 26 43 12 20 14 44 36 37 48 38 6 34 45 1 29 34 3 7 36 38 7 16 32 4 19 9 40 6 31 41 17 32
6 7 5 45 30 32 34 1 4 22 8 46 32 14 49 41 45 43 14 27 12 21 12 24 5 50 29 25 36 24 34 0 47 36 41 19 28 3 6 43 45 41 8 44 50 37 21 43 30 12 27 2 9 23 11 11 44 5 21 22 45 23 8 26 31 44 48 4 33 46 16 50 7 28 46 35 39 12 10 23 48 26 6 2 41 41 47 33 42 29 36 2 4 1 31 7 15 28 0 37
12 44 10 13 9 25 1 37 28 17 29 11 13 3 26 20 17 33 13 11 28 48 16 42 4 30 27 38 49 18 27 36 0 41 44 22 40 41 40 22 10 3 11 42 8 33 31 20 42 11 27 8 41 46 22 18 35 10 16 46 45 20 50 8 41 48 5 48 6 10 1 13 5 43 2 48 33 39 39 21 19 11 18 35 8 28 29 8 32 31 25 16 22 47 48 43 3 21 13 8
11 16 7 34 0 42 16 7 14 22 45 23 23 32 34 5 49 15 6 22 47 0 48 42 28 23 25 21 50 20 48 7 28 0 17 16 42 20 9 22 38 8 45 11 22 47 33 18 21 3 47 14 11 16 25 42 42 6 34 44 11 38 0 25 9 24 28 17 17 48 18 22 15 13 7 6 1 37 1 23 47 50 50 1 25 31 48 20 16 9 27 39 15 48 2 48 29 45 16 3
38 14 21 8 45 10 26 39 41 25 46 16 8 37 0 41 42 23 15 16 20 42 49 1 24 14 5 16 32 5 24 12 15 42 0 33 22 37 5 30 47 38 32 3 49 3 35 49 20 12 18 19 2 45 16 48 30 47 42 36 0 1 49 40 24 7 0 18 37 3 43 12 1 36 21 9 33 19 1 44 6 25 50 38 24 20 15 31 38 46 14 46 32 11 14 38 30 25 33 49
46 8 28 2 27 18 31 31 41 13 4 38 6 23 38 0 48 26 22 43 28 42 31 50 50 17 20 36 2 15 32 17 15 39 8 0 44 29 17 5 7 9 15 11 41 8 42 26 9 18 13 13 0 30 20 44 31 14 8 6 5 42 1 43 18 50 32 25 37 33 29 46 14 2 28 36 45 21 5 36 24 32 41 8 41 45 8 17 45 30 21 44 1 19 35 16 39 20 17 19
47 43 49 20 24 2 2 8 2 33 34 29 9 20 24 40 35 6 15 43 5 38 16 50 1 45 10 32 11 4 25 8 19 5 9 38 0 46 42 18 43 27 35 18 36 46 45 47 27 11 7 29 21 15 6 15 21 7 45 48 32 32 40 49 14 13 42 46 39 16 19 29 32 0 46 2 44 1 8 34 24 43 32 32 2 21 3 7 33 10 47 28 13 38 36 27 20 41 37 4
37 8 12 22 43 46 15 31 2 19 26 37 17 48 5 20 45 26 12 8 36 22 35 50 41 1 8 37 21 25 46 33 36 49 10 38 32 0 6 26 10 34 12 8 32 43 46 3 0 27 14 25 40 35 6 8 43 15 30 13 46 2 18 7 16 0 2 6 0 21 47 17 27 11 25 7 35 16 40 25 29 35 42 39 17 15 41 14 49 4 37 1 32 21 31 29 39 46 14 3
18 32 8 12 36 50 7 29 17 25 48 31 35 50 33 19 2 39 26 31 7 45 14 37 11 4 26 23 2 33 18 37 36 42 32 20 3 6 0 48 50 0 27 3 38 36 2 50 24 17 48 13 20 16 44 34 19 32 12 23 14 4 32 9 49 8 42 42 37 20 46 19 3 48 23 17 33 32 45 11 43 22 41 48 45 41 4 40 29 28 2 19 6 34 45 19 34 34 15 41
18 22 16 47 29 30 30 3 43 4 27 39 44 50 45 16 38 45 7 25 27 36 24 14 9 28 44 16 50 46 25 17 14 24 41 21 28 46 24 0 12 23 27 44 0 35 12 19 17 50 29 4 4 21 26 9 11 35 40 19 11 29 25 12 21 10 16 18 42 35 7 47 34 2 39 32 28 45 14 5 34 41 39 32 7 46 42 34 14 47 21 40 26 13 17 11 43 37 25 38
6 3 45 15 6 48 39 49 41 2 26 48 26 3 25 26 32 48 9 41 1 31 13 27 26 46 17 25 12 37 35 5 31 50 7 5 43 34 29 40 0 37 43 28 29 31 31 27 10 12 42 0 26 3 22 8 43 15 28 15 10 5 3 21 34 12 17 46 45 15 30 29 45 41 12 8 8 33 11 6 39 47 27 13 31 50 49 12 37 42 38 50 33 18 20 49 45 23 43 44
7 8 47 3 40 18 2 26 33 34 25 6 3 40 13 17 9 16 34 31 9 21 9 34 25 45 20 31 34 0 43 17 39 24 0 48 16 2 29 43 5 0 49 13 17 9 5 9 2 44 4 14 9 34 14 30 36 17 32 4 1 48 12 8 25 33 15 33 36 2 31 35 7 13 2 49 0 3 32 30 3 32 10 21 45 45 23 39 25 18 29 29 48 19 28 17 44 17 13 47
37 11 49 2 9 29 3 26 31 21 15 8 22 37 29 18 46 32 50 4 27 24 16 43 10 27 4 3 3 14 33 5 38 43 18 29 44 10 10 17 2 48 0 47 24 27 42 49 7 25 11 13 50 48 24 34 2 39 4 30 40 33 1 34 43 32 2 50 10 34 22 30 30 41 36 18 44 0 28 27 47 31 37 35 46 3 30 29 37 18 19 43 39 26 46 43 37 19 33 35
45 26 21 17 35 34 38 39 26 14 4 20 31 16 48 29 18 18 13 17 33 49 9 43 7 11 36 40 45 15 3 50 43 37 43 39 7 20 5 14 33 0 7 0 22 30 46 10 12 19 32 3 48 28 45 40 36 19 39 47 9 50 34 19 20 2 19 16 1 26 44 46 36 9 2 13 24 44 36 32 23 2 16 6 46 19 47 15 28 1 30 46 4 25 15 34 43 47 38 26
43 36 19 41 38 24 22 3 30 23 43 35 3 21 14 23 50 34 38 5 35 28 36 28 14 3 34 34 29 22 11 0 31 26 10 33 10 22 42 7 40 43 21 43 0 45 31 30 41 24 7 35 37 5 30 15 5 7 16 7 31 0 10 8 1 34 20 18 21 34 39 1 44 38 50 47 29 42 11 42 35 33 37 27 43 8 18 13 6 28 38 21 12 6 7 17 32 43 24 40
16 13 31 44 34 5 13 38 28 16 43 15 29 18 29 44 30 26 15 18 50 5 48 18 14 47 4 18 5 12 41 29 13 37 12 14 23 31 43 9 10 44 4 44 24 0 50 27 21 4 19 4 16 15 36 4 47 0 13 43 28 28 17 48 24 25 43 9 36 12 47 16 24 15 5 26 39 31 32 39 39 9 47 35 20 40 10 32 25 2 37 21 44 45 12 33 45 28 46 28
29 13 18 26 11 6 39 8 42 24 27 37 15 31 2 48 48 20 19 14 14 27 3 25 14 40 10 1 37 21 29 28 12 48 1 28 48 27 9 5 39 7 37 8 17 9 0 10 7 29 27 13 9 8 22 31 11 12 12 25 33 45 44 0 13 3 30 9 11 6 25 44 14 49 34 49 33 36 18 39 49 12 36 27 20 33 11 3 8 27 6 22 12 37 12 4 38 36 45 45
29 5 44 22 34 17 46 46 9 13 2 20 35 37 16 16 33 5 28 24 27 11 1 32 15 45 13 6 20 42 49 41 34 33 14 40 33 23 27 27 4 49 31 37 31 22 37 0 6 11 14 30 32 39 50 25 29 11 20 13 32 19 39 24 19 43 24 21 19 29 50 13 41 8 49 10 18 38 15 29 5 9 4 11 21 8 33 17 22 28 47 29 18 23 42 12 3 42 8 25
50 37 17 21 32 2 6 13 2 37 0 21 26 46 29 33 34 47 48 13 7 27 20 11 33 9 23 35 7 26 13 0 28 16 31 30 49 49 32 17 8 0 23 21 26 37 7 17 0 10 21 30 41 29 40 41 41 5 1 50 1 18 34 34 31 15 48 33 40 16 27 0 6 21 11 27 28 4 47 5 2 1 33 24 23 13 22 13 34 13 1 16 16 11 5 16 24 9 11 29
28 18 49 13 37 39 1 2 43 13 46 21 9 46 50 15 50 0 18 11 15 39 31 9 47 12 0 46 36 22 28 18 27 44 19 16 12 32 45 45 49 36 36 33 22 5 10 16 5 0 5 35 13 4 38 29 17 15 29 21 11 1 30 17 38 13 47 31 36 24 20 13 33 3 16 35 15 30 20 33 16 21 26 31 33 4 13 23 15 42 47 12 16 42 26 16 23 8 14 49
27 4 4 6 10 42 17 25 10 36 18 43 0 22 25 17 29 16 10 3 4 2 30 9 15 19 43 7 26 38 6 21 33 41 12 30 35 39 24 14 21 20 42 4 22 5 15 23 21 5 0 21 14 15 6 43 9 5 13 31 16 50 10 43 1 4 49 14 43 43 46 25 7 2 19 40 30 45 14 18 21 15 39 49 6 30 28 30 47 33 7 9 15 41 5 21 28 37 17 42
16 17 22 44 43 34 26 12 32 40 37 23 16 43 27 36 4 6 4 8 39 11 39 16 41 2 21 32 21 15 7 23 6 29 46 41 40 36 36 28 3 5 11 18 44 20 35 9 29 27 45 0 23 38 6 5 31 27 8 41 45 39 24 19 34 39 31 27 25 13 14 21 50 3 40 46 28 40 7 2 31 45 46 3 14 47 25 47 9 47 43 4 2 49 20 15 1 1 23 37
29 40 6 6 22 9 33 50 17 10 42 26 17 6 10 16 0 2 24 22 22 17 37 0 33 6 18 11 36 10 22 47 42 50 42 15 21 23 16 26 4 26 24 6 12 29 42 43 20 13 29 18 0 16 23 36 14 16 7 34 31 7 23 50 35 12 19 24 20 20 2 24 32 43 17 25 4 39 13 25 33 36 17 15 3 36 40 13 40 23 37 47 18 48 28 30 1 10 38 12
17 13 43 29 45 5 44 1 14 42 34 14 44 3 46 50 4 49 34 7 8 6 46 18 13 10 40 2 47 50 25 23 0 6 30 20 46 41 17 20 47 13 47 1 28 4 4 2 44 46 15 13 25 0 12 30 33 44 43 8 43 9 24 20 43 6 14 3 12 11 35 41 1 21 15 0 42 27 34 15 9 36 46 5 43 16 1 26 38 26 22 42 49 26 10 28 4 18 27 26
8 25 43 13 25 30 24 19 3 37 12 19 7 0 17 21 45 47 31 19 7 30 0 34 43 43 26 32 22 37 35 28 24 40 24 35 39 2 37 35 14 25 50 47 27 39 5 14 38 46 2 12 11 6 0 20 21 29 46 4 14 43 6 17 49 29 15 49 45 44 44 30 48 34 17 26 41 49 12 35 31 4 38 20 8 2 25 30 34 17 0 33 43 11 10 40 4 46 9 10
48 31 28 48 36 32 46 35 5 21 0 8 27 0 3 10 8 11 27 25 20 9 7 3 19 39 23 24 14 19 36 3 25 35 6 38 40 32 7 43 7 45 5 33 2 26 32 8 13 6 43 44 29 0 16 0 20 41 48 33 20 32 37 33 13 46 3 29 4 43 13 38 49 42 10 31 46 42 5 6 2 50 18 13 26 10 35 6 26 22 16 17 42 47 21 47 20 37 17 28
31 35 30 44 23 13 12 14 15 19 35 32 40 48 18 34 40 18 33 25 39 29 45 36 23 0 33 21 10 31 40 10 0 20 40 3 46 25 13 29 45 21 41 46 5 40 21 3 11 39 27 45 3 31 28 40 0 29 6 30 9 8 12 13 22 46 46 48 23 14 38 25 43 41 25 49 23 48 16 42 43 26 19 7 26 48 7 44 35 29 39 0 42 12 31 32 13 46 46 10
13 8 34 5 45 47 41 14 3 28 43 18 16 39 16 38 48 14 25 3 12 40 34 47 4 1 29 10 24 49 40 1 19 26 44 9 29 39 17 25 33 32 50 44 25 46 5 24 47 40 17 15 45 23 50 39 39 0 45 32 34 31 44 2 44 21 21 45 13 45 32 16 1 11 34 18 18 10 18 2 2 24 9 40 5 37 0 41 28 44 32 46 5 3 10 38 0 44 11 10
45 7 47 35 21 4 37 46 2 12 2 47 39 8 15 25 11 46 28 48 26 46 16 25 12 24 17 19 29 26 47 26 23 25 47 4 0 20 17 12 45 3 32 49 39 36 35 10 27 11 35 44 41 32 10 44 7 25 0 38 45 1 11 38 23 21 28 29 46 38 49 30 10 11 23 44 49 19 40 13 18 17 46 26 0 29 46 4 41 47 31 33 2 28 39 2 18 28 26 32
34 28 10 33 47 35 34 19 36 49 6 14 7 44 44 42 8 10 37 46 14 43 18 42 45 7 7 17 16 36 14 7 36 24 19 21 44 26 31 28 39 42 39 34 36 1 45 38 18 47 40 25 40 33 35 33 33 24 44 0 39 31 31 48 48 48 28 9 19 9 42 24 44 13 22 38 20 28 18 18 20 37 26 48 31 46 3 36 23 38 21 44 32 8 49 30 35 2 29 20
46 27 22 25 10 10 46 41 16 16 19 50 50 41 19 10 14 1 35 28 6 2 28 14 14 26 45 9 47 42 18 0 28 41 36 48 29 39 36 25 3 34 49 3 49 2 39 41 13 19 0 25 44 26 49 33 11 43 27 44 0 25 39 3 20 40 19 42 26 10 6 34 28 16 30 11 36 36 27 22 33 49 14 35 23 18 50 25 25 23 14 47 20 9 2 44 44 47 23 8
38 28 14 6 19 17 40 20 25 7 48 14 45 21 39 11 31 2 9 46 44 6 26 6 43 28 24 49 20 14 38 49 50 47 14 25 47 32 22 10 16 41 45 23 43 28 12 34 19 35 3 31 19 19 33 28 36 11 50 29 34 0 30 21 19 9 2 31 44 40 49 5 10 22 8 14 35 5 43 28 38 23 15 18 23 19 20 17 36 48 4 12 23 15 36 4 27 20 7 49
4 21 31 50 37 48 2 10 34 48 0 15 7 17 3 19 41 20 46 48 46 30 5 22 27 18 24 21 2 13 1 2 47 42 40 19 36 14 22 39 0 48 2 15 3 49 41 5 48 42 31 18 29 23 5 23 40 6 49 30 34 37 0 32 45 27 16 24 19 4 4 28 26 7 42 35 20 4 31 24 21 30 46 10 32 24 3 48 16 22 7 42 18 14 9 34 8 10 29 17
44 7 17 1 38 33 37 37 24 6 2 3 37 42 45 19 11 22 47 47 31 18 21 3 4 1 34 32 47 16 1 49 33 21 35 24 20 42 21 2 37 46 1 30 37 7 23 12 10 7 50 21 28 34 46 41 8 39 26 47 28 27 17 0 18 0 30 3 11 49 21 1 21 10 19 42 26 26 40 26 46 49 17 18 37 50 38 18 34 36 39 50 22 46 18 17 35 17 40 27
19 37 34 46 0 27 32 14 11 40 17 2 18 48 7 17 15 40 15 15 0 23 34 24 4 37 35 49 15 9 3 19 2 17 31 40 44 3 45 45 50 27 33 17 28 41 39 29 3 26 40 12 35 42 32 36 46 19 1 36 44 19 8 25 0 43 22 28 4 32 49 42 11 46 37 40 20 40 35 12 28 1 11 5 11 49 22 39 14 11 38 21 6 48 30 26 48 39 39 49
34 37 46 10 31 16 23 26 39 15 46 36 20 17 30 24 28 34 35 46 23 0 21 9 30 35 47 25 42 2 17 18 31 27 37 31 2 18 8 41 15 8 34 32 38 10 17 32 46 34 33 22 15 39 6 24 27 41 49 46 21 25 47 38 20 0 1 28 29 20 41 13 38 23 17 11 29 1 22 39 8 22 24 13 28 39 16 19 14 31 46 49 38 23 6 44 0 13 25 0
40 36 6 47 28 39 3 10 0 50 4 35 11 20 9 35 34 23 4 25 33 17 41 17 9 39 34 50 39 45 33 35 42 0 40 5 1 24 26 8 19 14 12 28 22 42 35 0 7 14 28 36 11 46 21 14 44 10 45 45 23 13 47 5 40 5 0 49 44 50 25 30 26 30 31 12 38 1 32 4 3 7 25 48 28 43 15 33 44 19 29 30 23 24 37 49 26 26 41 9
50 15 31 1 25 30 43 3 14 12 41 15 34 47 4 8 35 31 24 35 7 47 7 15 25 41 26 23 17 38 18 27 33 44 49 41 29 11 26 49 29 2 47 2 50 10 10 2 34 1 6 25 31 26 10 47 46 41 13 11 32 43 2 49 33 50 35 0 37 2 18 30 15 37 47 46 1 4 45 0 40 13 29 17 22 2 2 43 46 38 12 48 22 41 25 9 41 28 46 44
17 40 15 21 41 36 9 3 16 1 49 35 32 39 16 38 20 15 43 10 16 42 23 0 11 38 41 9 36 16 40 39 46 25 19 45 45 5 10 16 3 44 38 41 43 40 49 44 49 32 23 33 26 23 5 37 24 4 32 3 32 7 34 13 46 43 43 4 0 12 45 11 37 17 4 13 39 47 4 0 31 45 5 33 28 43 17 37 44 41 29 6 4 10 22 45 25 29 10 0
41 42 32 9 12 22 14 50 32 1 41 14 6 44 16 30 50 33 50 48 29 49 3 28 31 15 9 34 48 40 22 29 37 0 41 47 35 9 1 38 7 35 46 29 45 24 20 22 47 29 1 32 23 16 21 17 19 44 25 48 21 9 48 15 24 41 23 26 5 0 33 0 47 3 42 42 37 1 24 9 1 29 2 3 26 2 32 40 21 41 1 18 22 36 23 5 44 10 38 0
0 6 6 24 46 35 41 23 37 43 10 33 46 49 5 32 47 17 10 9 40 37 18 41 3 7 4 36 50 14 31 21 14 45 9 43 36 31 4 10 14 37 20 35 28 41 15 25 42 40 3 8 15 15 27 4 23 31 1 49 42 14 30 26 10 46 10 34 1 41 0 37 28 23 6 7 1 49 31 3 50 6 18 29 48 37 4 3 15 45 36 1 23 30 12 38 36 4 21 0
34 16 45 26 37 36 46 4 25 13 50 12 49 8 46 10 34 5 32 26 10 13 13 41 28 18 1 29 38 14 43 37 11 15 32 3 26 1 47 49 18 42 16 36 32 28 43 31 46 13 50 34 12 30 45 39 48 17 10 47 44 6 30 4 50 33 43 14 29 26 45 0 15 11 24 28 30 45 7 3 46 19 33 33 12 45 23 5 42 27 5 47 9 10 4 1 38 42 45 18
6 41 1 19 22 40 49 19 19 37 17 50 12 2 22 41 32 6 49 20 28 24 16 10 30 17 8 36 0 46 29 12 23 1 7 9 37 13 41 23 25 3 34 0 26 22 36 32 1 16 38 36 22 27 28 17 48 14 28 0 36 7 42 23 19 47 20 42 0 31 10 9 0 4 36 26 3 28 0 11 4 39 15 20 9 31 35 21 35 25 22 28 38 22 41 45 33 29 11 41
26 20 25 14 20 48 29 5 31 15 4 0 35 43 28 49 1 34 46 0 32 50 5 38 12 45 24 8 5 4 7 25 2 13 1 34 29 49 11 47 36 22 39 31 41 39 46 45 38 40 16 20 40 9 50 17 30 31 8 18 1 9 1 36 13 19 7 11 5 21 26 7 18 0 4 16 14 50 37 11 3 34 1 25 34 27 21 9 46 9 47 34 48 12 36 15 2 29 26 49
49 50 47 37 22 11 50 27 31 33 38 28 9 24 0 1 46 35 28 10 11 20 1 16 42 40 19 34 46 36 5 27 21 30 17 38 49 23 35 35 15 1 21 20 13 13 37 22 34 23 1 18 24 34 23 40 14 3 29 28 13 48 15 41 2 42 3 24 39 44 8 22 13 13 0 35 9 33 37 39 7 28 40 18 21 32 40 39 15 8 7 14 36 25 15 5 43 3 24 32
37 9 12 27 6 45 47 44 13 48 31 25 48 4 34 36 22 5 13 24 49 17 10 15 11 41 4 48 12 17 40 16 5 35 4 11 17 34 29 4 38 23 19 40 24 43 3 40 45 35 12 9 26 16 22 34 33 26 44 19 46 40 15 15 15 48 20 7 33 50 38 37 1 39 5 0 44 4 46 34 2 2 36 19 2 6 18 0 20 24 46 22 4 49 39 1 44 28 50 43
16 33 5 3 20 5 27 42 21 0 18 17 48 29 18 11 20 31 20 18 20 40 3 4 2 50 41 36 46 21 45 11 33 11 31 37 47 29 34 44 46 29 11 20 40 20 24 33 35 42 38 41 36 10 13 16 7 25 36 25 37 38 22 47 50 3 47 3 33 33 30 28 13 42 31 27 0 21 44 18 33 38 13 31 12 50 2 13 29 40 30 39 40 3 49 12 50 19 24 1
29 8 20 46 8 33 24 4 30 23 3 49 13 1 50 4 14 4 39 9 13 48 0 9 13 16 24 48 6 35 18 34 50 46 15 9 8 32 41 12 50 37 24 13 49 22 42 19 20 8 33 18 11 21 11 47 18 4 27 42 7 16 26 30 38 25 9 3 30 30 6 32 0 42 40 0 5 0 10 36 7 33 39 37 31 9 11 1 35 37 47 5 26 29 18 8 6 33 41 5
35 41 9 17 46 35 2 6 26 32 1 17 16 15 19 0 35 29 21 6 7 11 20 10 3 31 37 36 48 39 40 40 8 20 16 39 6 36 24 13 45 9 26 3 46 50 0 39 3 36 4 12 20 47 14 17 13 5 46 39 13 29 6 5 23 21 14 13 22 32 25 18 22 12 46 4 15 48 0 15 20 40 50 25 8 43 26 7 15 4 5 30 22 49 22 18 46 28 39 50
24 47 19 14 40 14 39 45 41 32 28 30 13 39 26 32 16 4 43 3 5 26 20 41 44 17 10 13 3 35 50 36 27 39 0 42 16 15 45 45 26 24 5 22 43 15 48 0 24 9 43 34 12 32 20 9 48 39 8 19 42 4 5 43 41 29 30 50 15 14 44 20 11 43 48 16 13 33 26 0 23 34 11 32 22 10 40 16 27 20 46 10 43 17 31 45 5 1 1 29
48 27 16 21 37 47 15 31 29 42 7 18 31 20 49 39 6 11 12 28 31 1 45 12 25 19 2 13 40 32 40 4 39 47 25 13 43 46 21 26 30 7 17 8 8 9 48 49 32 10 42 13 10 12 45 42 8 27 18 3 25 17 29 43 19 36 37 37 33 20 27 32 17 5 25 45 39 6 34 45 0 46 4 7 14 17 43 3 7 16 23 13 47 45 49 27 0 33 43 0
49 15 26 29 29 47 24 13 43 46 2 8 13 18 8 33 14 50 3 25 4 40 21 7 23 44 29 49 23 42 26 38 2 46 18 18 47 38 24 37 4 10 28 31 12 11 2 18 8 36 39 28 37 50 4 4 39 45 35 1 13 8 5 23 26 26 26 47 37 24 37 30 49 46 29 25 50 23 21 27 29 0 39 4 20 2 3 31 11 6 32 2 2 21 39 14 35 8 11 29
16 12 37 27 31 44 28 2 40 27 34 25 38 48 23 4 46 33 34 48 20 44 40 16 38 39 41 18 4 4 31 5 23 3 29 6 18 19 1 44 22 47 21 18 8 28 29 44 32 9 31 19 46 32 12 10 49 17 44 46 46 41 21 40 20 20 33 27 10 30 39 9 5 25 35 40 0 45 15 41 9 26 0 5 17 36 42 17 42 26 37 30 33 33 48 25 42 33 28 12
18 23 33 13 37 11 26 40 11 24 15 8 3 37 30 48 23 33 15 32 15 12 42 29 29 47 42 47 28 2 39 43 3 48 28 39 32 11 2 9 0 34 47 20 21 44 12 8 45 7 12 30 23 24 45 28 12 32 33 24 21 24 13 39 18 32 14 15 18 50 1 44 46 46 37 25 12 35 16 45 41 1 24 0 42 8 34 32 36 25 18 29 14 1 11 22 8 46 34 3
44 43 36 32 46 39 11 0 49 38 0 13 16 15 27 42 21 20 10 44 18 14 5 17 37 32 17 30 8 11 29 0 50 6 39 47 7 33 11 47 18 31 1 31 9 18 40 43 23 3 27 3 43 40 3 2 34 38 19 26 23 42 35 43 19 44 3 30 10 48 3 22 35 32 6 48 11 10 16 39 2 34 32 21 0 36 38 45 2 43 50 13 34 41 40 47 6 49 23 24
7 42 48 36 21 42 44 42 8 2 43 47 34 12 24 25 6 0 9 2 17 25 18 27 21 8 13 37 17 6 6 34 13 17 27 28 3 20 41 16 37 11 46 38 50 29 42 7 37 1 5 25 47 18 25 40 28 42 28 14 37 6 23 1 17 22 11 6 23 40 48 38 24 30 31 32 6 28 38 34 49 5 40 30 39 0 42 24 16 8 43 10 0 45 48 8 47 21 8 18
5 29 23 29 14 23 45 8 37 22 28 40 32 32 42 4 12 29 17 28 5 28 39 22 13 0 8 44 13 10 12 33 34 15 26 40 1 5 25 14 19 25 49 3 35 50 22 0 13 13 3 21 48 32 32 45 15 3 12 25 9 23 29 46 3 43 22 36 19 35 30 49 3 19 24 32 24 50 19 30 7 15 42 30 50 21 0 4 26 27 25 3 34 4 34 46 49 11 23 10
6 29 47 21 32 47 28 39 3 36 13 16 4 45 30 16 0 16 43 44 36 48 50 28 19 43 38 2 3 47 8 26 6 28 48 46 18 13 33 15 15 30 45 8 15 7 21 22 50 48 40 29 42 43 23 39 0 21 15 48 11 5 1 21 13 49 21 28 20 20 40 25 36 20 38 28 8 33 35 1 17 50 15 28 43 42 27 0 1 26 20 43 13 50 13 25 3 37 25 0
17 6 39 48 0 23 22 48 22 32 48 25 41 39 5 15 4 10 1 0 26 46 12 25 10 25 17 49 38 47 24 50 12 48 13 34 21 3 3 29 50 41 7 43 26 28 10 9 46 7 25 35 48 47 19 41 24 36 36 41 12 11 31 10 34 35 43 5 4 13 5 32 37 18 10 34 14 20 18 50 44 49 3 25 27 3 36 42 0 28 42 27 18 13 47 6 9 21 6 19
0 10 3 28 16 50 50 14 4 21 32 0 33 47 43 7 39 15 35 22 25 10 5 8 18 20 37 2 32 31 41 36 20 9 4 16 25 22 25 21 47 13 29 19 26 14 36 5 42 25 30 1 12 14 43 1 32 1 1 36 1 7 4 1 6 14 12 22 18 3 37 23 22 17 10 10 8 44 22 32 40 16 35 22 41 33 31 31 47 0 35 42 36 28 12 20 24 43 23 19
22 25 13 4 6 17 43 0 31 22 6 10 25 32 1 46 33 21 32 35 40 0 33 35 41 14 11 48 49 12 24 30 47 1 15 49 26 5 13 12 18 38 42 17 26 29 50 25 20 1 15 47 16 6 32 3 18 28 32 16 14 20 13 20 27 10 43 44 38 21 17 10 14 29 20 2 41 31 16 19 9 0 21 33 30 30 46 42 41 36 0 30 35 21 32 26 18 48 0 49
14 41 48 10 49 48 13 12 38 8 13 28 0 26 50 20 47 38 35 28 50 29 46 16 4 10 16 30 49 19 9 10 11 39 17 41 12 28 6 30 24 44 40 31 10 23 48 26 3 46 40 5 36 0 20 0 46 6 4 30 35 7 26 0 36 8 27 32 27 12 34 20 23 33 21 5 20 15 26 26 17 36 37 9 35 42 42 44 39 21 19 0 35 17 27 11 17 40 34 12
28 28 20 8 23 9 43 45 36 6 30 35 16 1 3 25 37 28 28 50 23 27 20 0 41 30 49 36 31 26 0 32 3 43 23 19 0 25 46 18 1 37 24 29 4 29 13 3 8 39 24 37 17 33 6 11 24 46 17 30 38 20 3 24 35 35 38 36 17 3 8 21 26 15 1 27 21 9 9 25 49 25 28 2 39 34 7 42 42 28 33 43 0 34 50 17 17 30 16 37
22 37 2 34 24 34 44 7 30 47 24 43 21 28 2 44 28 45 5 32 31 6 0 47 19 44 37 30 0 31 8 22 9 40 2 31 10 31 48 24 46 0 28 12 29 10 12 2 9 2 19 41 9 13 23 14 32 19 7 39 21 18 34 8 43 36 10 30 24 37 9 36 39 39 9 14 40 21 15 12 1 15 15 20 35 33 37 16 35 40 8 5 26 0 33 6 18 28 7 39
22 21 37 15 1 30 22 15 6 50 27 44 2 27 17 23 29 14 18 14 39 22 38 34 28 30 9 39 43 47 3 35 8 34 43 18 47 17 39 40 38 35 18 8 46 47 24 4 0 14 20 32 18 2 29 26 26 40 24 13 16 35 50 26 10 2 17 10 8 3 42 22 32 29 19 34 31 45 3 7 12 7 20 44 48 36 7 26 33 43 1 14 46 23 0 22 34 43 14 9
9 0 42 3 11 46 21 48 39 8 20 49 31 12 8 25 29 44 29 50 45 2 2 36 24 11 34 34 43 0 6 6 2 39 37 25 36 27 7 47 45 42 1 27 2 16 44 17 40 30 4 38 41 35 31 26 28 25 2 30 31 4 34 43 14 28 18 15 48 45 17 20 33 21 10 28 16 7 18 27 25 29 16 42 19 3 3 20 38 2 49 47 23 18 47 0 27 23 11 14
27 16 27 38 37 24 45 0 31 39 5 50 11 2 20 41 11 31 4 7 26 19 46 20 41 45 15 33 26 0 34 49 8 43 14 11 48 20 6 0 36 25 48 20 49 8 9 26 34 45 11 32 30 43 42 42 17 48 17 19 17 6 17 44 17 36 20 45 9 48 2 22 4 42 29 33 43 46 5 49 6 31 50 39 33 37 24 30 29 39 45 40 47 4 48 39 0 47 47 12
23 28 29 45 34 10 12 10 33 39 1 20 43 12 48 24 35 44 9 41 23 42 32 27 13 7 28 23 22 9 19 47 46 6 4 38 39 13 16 31 48 8 31 20 35 23 2 18 10 40 31 39 18 50 2 21 34 21 23 23 20 46 4 24 17 14 22 23 27 30 7 41 28 41 44 50 42 50 19 3 37 41 27 16 21 16 12 4 26 44 43 25 4 32 32 0 7 0 12 38
30 29 28 39 43 11 46 13 5 31 14 19 2 35 35 39 25 16 18 43 22 8 23 6 46 9 7 48 15 20 45 33 40 36 36 5 48 44 27 38 38 48 32 12 30 48 32 42 48 40 7 40 41 24 21 26 44 10 11 16 31 19 38 35 19 38 48 46 40 14 5 26 2 49 7 6 34 27 18 27 28 20 34 25 33 34 7 41 28 20 37 32 32 31 20 10 4 15 0 15
5 10 3 20 33 32 2 36 22 4 34 31 49 23 28 32 16 5 14 2 12 35 41 43 39 43 46 44 14 8 49 27 20 46 40 27 20 12 50 33 29 43 5 37 29 7 46 13 10 49 27 42 41 15 34 28 25 2 40 29 3 36 39 23 0 31 26 22 17 33 27 4 34 47 27 35 30 47 41 32 33 1 49 50 33 34 47 21 18 2 2 14 15 11 40 3 37 25 21 0
